000006
000404
000628
000651
000719
000815
000889
000921
001209
001289
001336
001389
002111
002192
002203
002216
002342
002436
002453
002454
002463
002475
002635
002647
002685
002686
002737
002850
002859
002957
003022
003023
300056
300174
300233
300235
300281
300307
300405
300464
300475
300476
300500
300501
300518
300568
300806
300811
300861
300938
300972
300977
300998
301012
301018
301037
301042
301072
301080
301085
301090
301121
301133
301150
301191
301203
301205
301219
301260
301329
301359
301396
301397
301418
301419
301446
301487
301489
301528
301563
301587
301600
600060
600206
600345
600350
600538
600605
600641
600883
600887
600919
601128
601188
601339
601579
601598
601665
601778
601939
601988
601997
603002
603033
603075
603083
603112
603139
603165
603220
603228
603229
603281
603307
603329
603409
603508
603601
603660
603685
603689
603773
603818
603819
603826
603839
603890
605016
605058
605088
605100
605117
605222
605376
